%YAML:1.0
---
camera_matrix: !!opencv-matrix
   rows: 3
   cols: 3
   dt: d
   data: [ 1.9331273887133030e+01, 0., 3.3791578475817369e+02, 0.,
       3.0829748622459451e+01, 2.3844635509723938e+02, 0., 0., 1. ]
dist_coeffs: !!opencv-matrix
   rows: 1
   cols: 5
   dt: d
   data: [ -1.1836106349991490e-02, 7.2559734804127952e-04,
       3.9889980645898288e-03, 4.2189845585485664e-02,
       -4.1540331884222782e-06 ]
