%YAML:1.0
---
camera_matrix: !!opencv-matrix
   rows: 3
   cols: 3
   dt: d
   data: [ 9.6761202211339139e+02, 0., 3.0473695224826247e+02, 0.,
       7.6111860866086829e+02, 2.4161716617039357e+02, 0., 0., 1. ]
dist_coeffs: !!opencv-matrix
   rows: 1
   cols: 5
   dt: d
   data: [ -5.2831683439571631e+00, -6.5019819269328005e+00,
       -2.2956920314766205e-01, 1.5900032054403357e-01,
       2.8485306461813565e+02 ]
